floor need lvl kills XP kills gold  kills rounds  days    cum  note
    1        1        0         14     14    4.7   0.6    0.6  
    2        2        0         14     14    5.6   0.6    1.1  
    3        3        0         14     14    6.2   0.6    1.7  
    4        4        0         14     14    6.6   0.6    2.3  
    5        5        0         14     14    6.3   0.6    2.9  
    6        6        0         14     14    6.5   0.6    3.5  
    7        7        0         14     14    6.3   0.6    4.1  
    8        8        0         14     14    6.5   0.6    4.7  
    9        9        0         14     14    6.5   0.6    5.3  
   10       10        0         14     14    6.5   0.6    5.8  milestone (quorum 2 by design)
   11       11        0         34     34    6.4   1.3    7.1  
   12       12        0         14     14    6.7   0.6    7.7  
   13       13        0         14     14    6.9   0.6    8.3  
   14       14        0         14     14    7.0   0.6    8.9  
   15       15        0         14     14    6.8   0.6    9.5  
   16       16        0         14     14    7.0   0.6   10.1  
   17       17        0         14     14    7.0   0.6   10.7  
   18       18        0         14     14    7.1   0.6   11.3  
   19       19        0         14     14    6.8   0.6   11.9  
   20       20        0         14     14    6.9   0.6   12.5  milestone (quorum 3 by design)
   21       21        0         83     83    6.8   2.9   15.4  
   22       22        0         14     14    7.0   0.6   16.0  
   23       23        0         14     14    7.1   0.6   16.6  
   24       23        0         14     14    7.6   0.7   17.3  
   25       25        0         14     14    7.0   0.6   17.9  
   26       25        0         14     14    7.6   0.6   18.5  
   27       26        0         14     14    7.3   0.7   19.2  
   28       28        0         14     14    7.1   0.6   19.8  
   29       28        0         14     14    7.4   0.7   20.5  
   30       29        0         14     14    7.3   0.7   21.2  milestone (quorum 4 by design)
   31       30        0        131    131    7.4   4.6   25.7  
   32       32        0         14     14    7.0   0.6   26.3  
   33       33        0         14     14    7.2   0.7   27.0  
   34       34        0         14     14    7.3   0.7   27.6  
   35       36        0         14     14    6.7   0.6   28.3  
   36       37        0         14     14    6.9   0.6   28.9  
   37       38        9         14     14    6.7   0.7   29.6  
   38       40       55         14     55    6.6   2.0   31.5  
   39       42       63         14     63    6.2   2.2   33.8  over-level +3
   40       43       30         14     30    6.3   1.1   34.9  milestone (quorum 5 by design)
   41       44       31        182    182    6.2   6.2   41.2  over-level +3
   42       45        0         14     14    6.3   0.7   41.8  over-level +3
   43       47        0         14     14    6.2   0.6   42.5  over-level +4
   44       48        0         14     14    6.2   0.7   43.1  over-level +4
   45       50       21         14     21    6.1   0.9   44.0  over-level +5
   46       52       75         14     75    6.0   2.7   46.7  over-level +6
   47       53       36         14     36    5.8   1.4   48.0  over-level +6
   48       55       78         14     78    5.8   2.8   50.8  over-level +7
   49       57       81         14     81    5.6   2.9   53.7  over-level +8
   50       58       40         14     40    5.6   1.5   55.2  milestone (quorum 6 by design)
   51       60       84        231    231    5.5   7.9   63.0  over-level +9
   52       61        0         14     14    5.5   0.7   63.7  over-level +9
   53       63        0         14     14    5.5   0.6   64.3  over-level +10
   54       64        3         14     14    5.5   0.7   65.0  over-level +10
   55       66       80         14     80    5.4   2.9   67.8  over-level +11
   56       68       93         14     93    5.2   3.3   71.1  over-level +12
   57       70       96         14     96    5.2   3.4   74.5  over-level +13
   58       72       99         14     99    5.1   3.5   77.9  over-level +14
   59       73       48         14     48    5.1   1.8   79.7  over-level +14
   60       75      102         14    102    5.0   3.6   83.3  milestone (quorum 7 by design)
   61       76       50        280    280    5.0   9.5   92.8  over-level +15
   62       79        0         14     14    4.9   0.6   93.5  over-level +17
   63       80        0         14     14    4.9   0.7   94.2  over-level +17
   64       82       69         14     69    4.9   2.5   96.6  over-level +18
   65       84      112         14    112    4.8   3.9  100.6  over-level +19
   66       86      114         14    114    4.8   4.0  104.6  over-level +20
   67       88      117         14    117    4.6   4.1  108.7  over-level +21
   68       90      119         14    119    4.6   4.1  112.8  over-level +22
   69       93      185         14    185    4.4   6.3  119.2  over-level +24
   70       95      126         14    126    4.4   4.4  123.5  milestone (quorum 8 by design)
   71       97      128        331    331    4.3  11.2  134.7  over-level +26
   72       99        0         14     14    4.4   0.6  135.4  over-level +27
   73      100        0         14     14    4.3   0.7  136.0  over-level +27
   74      102      101         14    101    4.3   3.6  139.6  over-level +28
   75      105      205         14    205    4.2   7.0  146.6  over-level +30
   76      107      139         14    139    4.2   4.8  151.4  over-level +31
   77      109      142         14    142    4.3   4.9  156.3  over-level +32
   78      111      143         14    143    4.1   5.0  161.3  over-level +33
   79      113      146         14    146    4.1   5.1  166.3  over-level +34
   80      116      225         14    225    4.0   7.7  174.0  milestone (quorum 9 by design)
   81      118      151        381    381    3.9  12.9  186.9  over-level +37
   82      119        0         14     14    4.0   0.7  187.6  over-level +37
   83      122       70         14     70    3.9   2.5  190.1  over-level +39
   84      125      240         14    240    3.8   8.2  198.3  over-level +41
   85      127      162         14    162    3.8   5.6  203.8  over-level +42
   86      130      249         14    249    3.9   8.5  212.3  over-level +44
   87      132      168         14    168    3.7   5.8  218.1  over-level +45
   88      134      170         14    170    3.7   5.9  224.0  over-level +46
   89      136      172         14    172    3.6   5.9  229.9  over-level +47
   90      139      264         14    264    3.6   9.0  238.9  milestone (quorum 10 by design)
   91      142      269        431    431    3.6  14.6  253.4  over-level +51
   92      144       22         14     22    3.6   0.9  254.3  over-level +52
   93      145       89         14     89    3.6   3.2  257.5  over-level +52
   94      148      278         14    278    3.5   9.5  267.0  over-level +54
   95      150      187         14    187    3.6   6.4  273.4  over-level +55
   96      154      385         14    385    3.5  13.0  286.5  over-level +58
   97      157      295         14    295    3.5  10.0  296.5  over-level +60
   98      160      301         14    301    3.4  10.2  306.7  over-level +62
   99      161       99         14     99    3.3   3.5  310.2  over-level +62
  100      164      305         14    305    3.3  10.4  320.5  milestone (quorum 12 by design)

(30 fights/day ≈ full energy; warden attempt = 3⚡ × expected attempts at the listed level)
